PERCEPTRON_MODEL_V1
activation: SignFunction
learning_rate: 0.1
max_epochs: 200
epochs_trained: 4
bias: -0.2
weights: -0.2599999999999998 -0.82 1.0400000000000003 0.43999999999999995
