PERCEPTRON_MODEL_V1
activation: StepFunction
learning_rate: 0.1
max_epochs: 200
epochs_trained: 4
bias: -0.1
weights: -0.1299999999999999 -0.41 0.5200000000000001 0.21999999999999997
